411.027752 250.657980 409.325421 206.925588 3.990266 0.125000 80.362703 
384.289731 214.747184 395.794976 217.383082 4.594580 0.125000 5.911689 
363.174721 209.355497 363.794130 250.633716 3.955883 0.125000 84.033532 
408.183706 206.329641 364.360609 207.645831 3.984551 0.125000 82.153323 
371.791216 223.004910 383.464102 214.861047 4.720502 0.125000 7.255271 
364.362632 252.110126 409.386412 251.561427 3.017718 0.125000 73.501804 
402.397513 230.212830 395.749989 241.945815 4.821687 0.125000 7.255271 
395.537948 215.670560 402.017252 228.050550 4.585246 0.125000 4.079964 
358.140203 202.336648 413.162861 200.524688 4.118243 0.125000 107.247013 
372.042121 231.899832 373.368159 222.975398 2.642992 0.125000 0.949253 
377.667330 241.389588 370.950393 230.425651 4.983865 0.125000 5.889374 
394.405861 242.177404 383.145569 243.326555 3.857531 0.125000 7.483201 
383.514629 243.765812 377.376933 239.840223 4.126599 0.125000 2.755433 
414.835839 201.856438 417.003397 255.670177 3.948193 0.125000 102.054493 
358.317773 255.621810 357.448622 203.094825 3.770167 0.125000 91.671211 
425.625329 257.006305 359.369482 257.172283 3.890900 0.125000 96.757050 
106.879770 261.922548 0.446986 272.600663 4.616960 0.125000 140.312357 
79.043562 0.572832 74.380921 141.916430 4.914857 0.125000 245.665752 
74.691638 143.120370 74.356754 210.624909 5.266585 0.125000 78.127690 
144.370899 153.845885 99.363913 154.194758 3.769266 0.125000 76.174419 
98.122226 121.403321 141.878064 121.145949 1.507312 0.125000 46.103752 
73.989818 210.624952 73.992741 263.125021 2.502923 0.125000 63.262462 
144.530740 123.118551 144.361318 151.867553 2.662015 0.125000 29.836099 
95.627818 150.837604 141.869694 150.224669 2.632318 0.125000 23.704322 
46.996335 150.627681 49.565992 34.351596 3.196729 0.125000 94.226121 
718.246661 268.123586 623.173060 258.880655 3.490497 0.125000 103.728392 
24.970849 184.373886 24.830413 266.875775 1.390431 0.125000 62.359372 
96.813764 148.123322 97.499073 123.107852 1.899928 0.125000 13.592513 
45.364459 0.619028 43.501601 81.883633 2.671224 0.125000 81.459601 
32.944645 49.373566 31.214723 266.879690 3.424479 0.125000 202.756177 
50.434203 33.123457 50.697071 0.625583 1.290402 0.125000 9.077063 
41.279057 265.628083 41.715158 173.124246 1.597670 0.125000 75.905722 
52.843550 9.368288 50.458597 109.371031 1.728552 0.125000 73.169340 
27.319686 266.875114 27.307967 184.374938 1.261719 0.125000 46.103752 
25.801852 98.126765 25.028154 175.631520 1.549400 0.125000 51.522292 
49.840236 119.371246 49.146564 264.373907 1.291844 0.125000 76.689142 
6.897108 179.169255 23.094409 180.909696 1.509939 0.125000 0.046163 
46.414524 264.372031 46.873858 193.124993 1.491734 0.125000 37.975942 
27.890108 175.632077 28.203899 130.625550 1.328404 0.125000 16.596079 
